20260723000001
20260724000001
20260724000002
20260724000003
20260727000001
20260727000002
20260728000001
20260728000002
20260728000003
20260728000004
20260730000001
20260730000002
20260731000001
20260818000001
20260819000001
20260820000001
20260820000002
20260827000001
20260827000002
20260828000001
20260828000002
20260828000003
20260829000001
20260901000001
20260901000010
20260901000020
20260902000001
20260902000002
20260902000003
20260902000004
20260902000005
20260904000001
20260904000002
20260905000001
20260905000002
20260905000003
20260905000010
20260905000020
20260906000001
20260906000002
20260906000010
20260906000020
20260906000030
20260906000040
20260906000050
20260913000001
20260916000001
20260916000002
20260922000001
20260922000002
20260922000003
